-1476 1350 2873
-1466 1171 2860
-1487 1071 2852
-1457 1132 2852
-1460 1267 2886
-1457 1143 2855
-1452 1187 2857
-1452 1236 2873
-1462 1277 2855
-1468 1238 2900
-1478 1218 2860
-1478 1267 2852
-1462 1083 2838
-1468 1161 2862
-1471 1243 2876
-1462 1171 2857
-1500 1161 2867
-1546 1288 2902
-1497 1257 2923
-1452 1363 2932
-1390 1277 2911
-1377 1575 2993
-1275 1463 3025
-1176 1743 3163
-1160 1702 3116
-1125 1673 3142
-1097 1872 3212
-1090 1920 3222
-1296 2240 3281
-1422 2285 3288
-1503 2462 3375
-1613 2636 3448
-1718 2685 3462
-1775 2633 3526
-1806 2761 3516
-1822 2670 3473
-1863 2623 3473
-1847 2652 3500
-1817 2641 3436
-1831 2641 3441
-1806 2595 3323
-1750 2478 3255
-1205 2512 3147
-1170 2362 3041
-1471 2075 2956
-1597 1862 2895
-1780 1722 2932
-1775 1678 2867
-1825 1570 2881
-1932 1427 2886
-2128 1210 3140
-2140 1032 3180
-2191 827 3401
-2175 667 3436
-2002 651 3488
-1992 643 3528
-1992 628 3615
-1828 626 3695
-1876 605 3705
-1810 615 3713
-1785 631 3678
-1642 433 3878
-1500 413 3888
-1422 317 3855
-1340 167 3891
-1293 255 4046
-1186 152 4025
-1130 95 4112
-1092 82 4293
-753 25 4232
-662 80 4102
-585 177 4078
-435 276 3990
-300 310 3916
-222 438 3886
-163 592 3745
-47 793 3836
40 817 3756
141 985 3790
206 1055 3766
283 1301 3808
346 1533 3916
388 1562 3968
412 1640 4025
453 1748 4107
453 1790 4140
442 1925 4196
477 2031 4283
396 2186 4345
343 2310 4387
313 2408 4373
318 2462 4497
305 2473 4533
308 2476 4606
362 2411 4715
383 2370 4785
365 2242 4966
370 2157 5088
332 2106 5246
412 2036 5563
337 1947 5693
260 1787 5915
93 1717 6018
-56 1608 6187
-388 1533 6483
-611 1480 6592
-893 1350 6717
-1038 1272 6738
-1218 1221 6781
-1312 1282 6816
-1368 1218 6785
-1616 1228 6842
-1686 1216 6766
-1860 1226 6731
-2002 1308 6653
-2100 1265 6616
-2180 1223 6578
-2250 1252 6526
-2298 1248 6483
-2308 1262 6483
-2352 1202 6416
-2362 1192 6443
-2421 1153 6320
-2448 1083 6323
-2491 1071 6235
-2467 1026 6203
-2470 996 6105
-2383 987 5867
-3311 970 5853
-3415 762 5635
-3525 953 5472
-3592 931 5277
-3625 987 5096
-3662 1135 4896
-3673 1057 4672
-3646 1083 4497
-3582 1265 4326
-3493 1272 4086
-3281 1272 3827
-3143 1262 3643
-2993 1293 3537
-2888 1396 3505
-2813 1298 3406
-2720 1330 3361
-2610 1330 3288
-2493 1332 3310
-2432 1436 3328
-2303 1335 3241
-2236 1327 3225
-2123 1376 3267
-2023 1301 3225
-1908 1355 3243
-1838 1021 3243
-1672 1127 3316
-1471 936 3295
-1001 1071 3577
-751 996 3561
-630 848 3641
-507 998 3728
-410 822 3740
-318 926 3820
-265 1028 3860
-163 953 4011
-138 1003 4145
-77 873 4413
-66 812 4493
-75 703 4747
-91 703 4835
-187 633 5126
-302 525 5310
-410 617 5536
-480 467 5590
-522 522 5635
-547 511 5698
-608 600 5803
-687 467 5865
-783 336 5920
-882 232 5928
-945 191 5870
-963 186 5733
-1015 266 5888
-973 331 6006
-1041 286 5920
-1197 268 5917
-1223 273 5891
-1261 317 5947
-1261 258 5931
-1310 508 5856
-1382 346 5726
-1398 370 5790
-1460 252 5702
-1562 356 5813
-1873 467 5947
-2032 530 5982
-2247 677 6091
-2381 662 6067
-2607 711 5992
-2743 731 5938
-2762 733 5955
-2755 513 5843
-2738 532 5851
-2738 442 5778
-2706 375 5731
-2628 457 5782
-2563 395 5721
-2563 452 5787
-2563 450 5808
-2598 286 5641
-2717 338 5451
-2846 191 5173
-2881 341 5016
-2923 402 4816
-2835 408 4632
-2818 237 4547
-2768 450 4510
-2741 380 4467
-2687 343 4396
-2636 312 4328
-2617 436 4368
-2615 438 4243
-2588 387 4196
-2551 325 4095
-2507 406 4055
-2371 573 3961
-2147 520 3747
-1897 656 3662
-1733 670 3596
-1380 866 3670
-1183 721 3676
-942 597 3848
-743 750 4051
-633 530 4142
-528 697 4448
-498 457 4542
-522 527 4801
-568 431 4886
-590 558 5022
-590 481 4982
-595 532 5072
-687 496 5155
-702 438 5140
-730 578 5185
-713 413 5171
-791 363 5190
-835 310 5173
-858 416 5237
-832 361 5176
-805 225 5128
-767 517 5142
-681 273 4992
-437 620 4733
-323 892 4518
-238 1248 4401
-173 1400 4300
-56 2128 4185
-155 2326 4220
-122 2788 4291
-133 2955 4558
-652 3131 4843
-1057 3245 5011
-1478 3265 5272
-1728 3153 5213
-2053 3086 5312
-2311 2923 5171
-2432 2877 5157
-2488 2793 5020
-2537 2628 4896
-2572 2613 4841
-2626 2633 4841
-2607 2605 4846
-2628 2563 4761
-2607 2510 4726
-2673 2507 4758
-2647 2473 4630
-2666 2505 4795
-2680 2423 4641
-2685 2447 4691
-2682 2447 4723
-2687 2423 4665
-2696 2457 4617
-2696 2592 4598
-2561 2628 4436
-2500 2641 4312
-2432 2631 4331
-2406 2761 4316
-2383 2763 4272
-2322 2771 4267
-2285 2807 4238
-2212 2802 4180
-2153 2830 4163
-2048 2830 4110
-2035 2866 4057
-1930 2892 4032
-1863 2957 4107
-1626 2955 3968
-1476 2981 3923
-1172 3001 3860
-980 2952 3867
-786 2952 3912
-617 2945 3992
-402 2986 4133
-292 2928 4046
-185 2952 4168
-201 3011 4110
-321 2918 4198
-327 2851 4368
-362 2848 4481
-236 2848 4630
-243 2856 4691
-220 2846 4740
-246 2880 4820
-255 2863 4870
-308 2897 4896
-445 2882 4933
-182 2936 4907
-2 3042 5185
15 2877 5222
-50 2933 5441
-33 2882 5363
-45 2875 5430
-77 2926 5531
-93 2885 5496
-136 2902 5571
-190 2967 5691
-227 2902 5632
-262 2941 5726
-375 3040 5723
-426 3058 5681
-528 3081 5658
-598 3146 5675
-608 3167 5641
-681 3240 5656
-762 3250 5590
-778 3288 5651
-840 3257 5603
-920 3317 5658
-963 3332 5550
-963 3381 5510
-1020 3335 5521
-1135 3371 5547
-1331 3392 5477
-1427 3368 5408
-1557 3358 5317
-1632 3366 5373
-1737 3335 5232
-1831 3301 5123
-1833 3330 4881
-1981 3255 4813
-2096 3163 4782
-2187 3083 4691
-2247 3100 4763
-2236 3073 4715
-2271 3032 4728
-2317 3027 4761
-2362 2921 4648
-2338 2913 4617
-2343 2983 4632
-2285 2913 4505
-2245 2872 4465
-2177 2863 4318
-2150 2868 4318
-2051 2843 4243
-1920 2913 4192
-1782 2955 4142
-1721 2941 4156
-1675 2955 4140
-1693 3050 4267
-1723 2957 4158
-1768 2983 4253
-1785 3025 4270
-1785 3003 4222
-1793 2972 4257
-1791 3020 4321
-1836 2993 4310
-1897 3001 4340
-1908 3011 4396
-1925 2988 4307
-1911 2998 4270
-1911 3035 4411
-1948 3056 4401
-1951 3030 4417
-1965 3058 4392
-1986 3050 4302
-1960 3020 4251
-1868 3042 4107
-1742 3086 4118
-1712 3058 4067
-1635 3120 4185
-1632 3148 4145
-1640 3175 4198
-1578 3167 4177
-1462 3203 4105
-1447 3177 4046
-1455 3270 4161
-1425 3272 4116
-1403 3262 4078
-1425 3267 4057
-1503 3226 4048
-1632 3233 4046
-1737 3257 4043
-1810 3156 4065
-1838 3247 3947
-1806 3358 3942
-1890 3327 3895
-2065 3255 4022
-2336 2817 3931
-2362 2841 3971
-2572 2600 3836
-2633 2421 3790
-2668 2387 3747
-2687 2440 3820
-2671 2292 3737
-2682 2232 3716
-2750 2137 3646
-2822 2072 3641
-2967 1995 3726
-3050 1808 3683
-3122 1761 3716
-3181 1630 3697
-3235 1531 3855
-3230 1313 3735
-3197 1238 3710
-3206 1132 3702
-3211 1110 3775
-3213 975 3670
-3218 936 3862
-3203 885 3982
-3227 755 3935
-3257 633 4121
-3157 478 4227
-3040 387 4137
-2902 242 4126
-2760 147 4095
-2585 77 4083
-2435 43 4043
-2238 107 4100
-2035 172 4036
-1930 136 4022
-1796 230 4015
-1712 116 3928
-1570 237 3881
-1455 295 3878
-1368 291 3897
-1242 370 3883
-1202 341 3907
-1186 225 3900
-1176 255 3900
-1143 235 3987
-1176 281 3968
-1235 276 4032
-1221 302 4086
-1218 182 4043
-1170 295 4118
-1011 380 4086
-917 307 4006
-821 300 4001
-751 556 4048
-547 395 4152
-248 522 4187
-187 586 4180
-101 731 4161
-85 876 4118
-58 1112 4118
-45 1270 4163
-377 1182 3878
-393 1158 3825
-407 1330 3827
-383 1298 3838
-440 1502 3870
-412 1555 3808
-466 1823 3926
-445 1645 3753
-531 1917 3822
-550 1727 3768
-608 2215 3928
-692 2398 4062
-775 2398 3998
-926 2675 4173
-985 2613 4067
-1270 2892 4196
-1396 2988 4217
-1443 2950 4257
-1616 3020 4187
-1667 2786 4102
-1897 3020 4137
-2115 2931 4072
-2210 2810 4020
-2303 2936 4100
-2416 2817 4081
-2545 2660 4032
-2610 2665 3870
-2690 2600 3952
-2818 2450 3883
-2867 2411 3857
-2980 2328 3886
-3007 2318 3881
-3033 2285 3886
-3106 2131 3832
-3206 1828 3806
-3260 1645 3846
