3.810344827586207
3.8620689655172415
3.896551724137931
3.8793103448275863
3.8793103448275863
3.8275862068965516 
3.913793103448276
3.913793103448276
3.8620689655172415
3.913793103448276
3.7241379310344827
3.7586206896551726
3.8275862068965516
3.793103448275862
3.793103448275862
3.793103448275862
3.8275862068965516
3.896551724137931
3.8620689655172415
3.8448275862068964
3.7241379310344827
3.7758620689655173
3.810344827586207
3.810344827586207
3.5517241379310347
3.8620689655172415
3.8448275862068964
3.706896551724138
3.9310344827586206
3.8620689655172415
3.7586206896551726
3.8275862068965516
4.086206896551724
3.603448275862069
4.258620689655173
3.896551724137931
3.896551724137931
3.896551724137931
3.2586206896551726
3.8448275862068964
3.8620689655172415
4.017241379310345
3.8448275862068964
3.793103448275862
3.4482758620689653
3.8275862068965516
3.913793103448276
3.586206896551724
4.017241379310345
3.9827586206896552
3.8793103448275863
3.9655172413793105
3.793103448275862
3.8275862068965516
3.913793103448276
3.9827586206896552
3.9310344827586206
3.4482758620689653
4.241379310344827
4.103448275862069
3.7413793103448274
3.8793103448275863
3.9482758620689653
3.6551724137931036
3.7758620689655173
3.4482758620689653
3.9310344827586206
4.0
3.5689655172413794
3.7413793103448274
4.051724137931035
3.4655172413793105
3.913793103448276
4.258620689655173
3.4827586206896552
3.5172413793103448
3.4827586206896552
3.8620689655172415
3.8793103448275863
3.793103448275862
3.8275862068965516
3.396551724137931
3.7586206896551726
3.8793103448275863
3.8793103448275863
3.6724137931034484
3.8275862068965516
3.8448275862068964
3.8448275862068964
3.793103448275862
3.7758620689655173
3.8448275862068964
3.8448275862068964
3.8448275862068964
3.8448275862068964
3.896551724137931
3.8275862068965516
3.8448275862068964
4.172413793103448
3.9827586206896552
3.586206896551724
3.8448275862068964
3.9827586206896552
3.6379310344827585
4.068965517241379
4.017241379310345
3.9655172413793105
3.586206896551724
3.5689655172413794
3.7413793103448274
3.896551724137931
3.5344827586206895
3.9482758620689653
3.3448275862068964
3.689655172413793
3.5
4.206896551724138
3.4482758620689653
3.5
3.896551724137931
3.413793103448276
4.172413793103448
3.793103448275862
3.8793103448275863
3.5172413793103448
3.9310344827586206
3.8793103448275863
3.4482758620689653
3.793103448275862
3.9827586206896552
3.8620689655172415
3.689655172413793
3.4655172413793105
3.9310344827586206
3.4310344827586206
3.9827586206896552
4.017241379310345
3.6724137931034484
3.6724137931034484
3.706896551724138
3.913793103448276
3.6551724137931036
3.2586206896551726
3.6206896551724137
3.3620689655172415
3.7586206896551726
3.7413793103448274
3.4827586206896552
3.3793103448275863
3.5517241379310347
3.7758620689655173
3.7413793103448274
3.896551724137931
3.793103448275862
3.2758620689655173
4.189655172413794
3.7413793103448274
3.3793103448275863
3.793103448275862
3.6724137931034484
3.6206896551724137
3.603448275862069
4.068965517241379
3.310344827586207
3.5172413793103448
4.120689655172414
3.9310344827586206
3.5344827586206895
3.7241379310344827
3.8620689655172415
3.7586206896551726
3.896551724137931
3.3448275862068964
3.7413793103448274
3.8448275862068964
3.8275862068965516
3.793103448275862
3.8275862068965516
3.7758620689655173
3.8448275862068964
3.793103448275862
3.7586206896551726
3.7413793103448274
3.810344827586207
3.793103448275862
3.7758620689655173
3.793103448275862
3.7586206896551726
3.6379310344827585
3.706896551724138
3.793103448275862
3.7758620689655173
3.689655172413793
3.8448275862068964
3.7586206896551726
3.7586206896551726
3.7586206896551726
3.8275862068965516
3.8275862068965516
3.7413793103448274
3.7758620689655173
3.810344827586207
3.793103448275862
3.810344827586207
3.7758620689655173
3.810344827586207
3.810344827586207
3.810344827586207
3.793103448275862
3.7758620689655173
3.8448275862068964
3.810344827586207
3.7758620689655173
3.6551724137931036
3.793103448275862
3.8275862068965516
3.7586206896551726
3.6724137931034484
3.7413793103448274
3.706896551724138
3.810344827586207
3.8275862068965516
3.7241379310344827
3.7758620689655173
3.7758620689655173
3.7758620689655173
3.793103448275862
3.793103448275862
3.810344827586207
3.793103448275862
3.8448275862068964
3.8275862068965516
3.8275862068965516
3.7758620689655173
3.8620689655172415
3.810344827586207
3.706896551724138
3.913793103448276
3.7241379310344827
3.9310344827586206
4.0
3.4482758620689653
3.9310344827586206
4.0
3.706896551724138
3.7758620689655173
3.5689655172413794
3.8275862068965516
3.9310344827586206
3.7241379310344827
3.689655172413793
3.7413793103448274
3.7758620689655173
3.7586206896551726
3.810344827586207
3.4310344827586206
3.6206896551724137
3.7758620689655173
3.810344827586207
3.9310344827586206
3.9827586206896552
4.0
3.7758620689655173
3.706896551724138
3.9482758620689653
3.6206896551724137
3.8620689655172415
3.7758620689655173
3.3620689655172415
3.7586206896551726
3.7413793103448274
4.017241379310345
3.793103448275862
4.172413793103448
3.706896551724138
3.5
3.4827586206896552
3.7758620689655173
3.793103448275862
3.5517241379310347
4.155172413793103
4.068965517241379
3.793103448275862
3.810344827586207
3.810344827586207
3.7413793103448274
3.8275862068965516
3.5689655172413794
3.810344827586207
3.810344827586207
3.6724137931034484
3.7758620689655173
3.7586206896551726
3.810344827586207
3.810344827586207
3.7586206896551726
3.793103448275862
3.6551724137931036
3.7241379310344827
3.7586206896551726
3.689655172413793
3.8448275862068964
3.793103448275862
3.8620689655172415
3.8448275862068964
3.7586206896551726
3.7586206896551726
3.6379310344827585
3.3793103448275863
3.8448275862068964
3.793103448275862
3.7586206896551726
3.810344827586207
3.793103448275862
3.8448275862068964
3.793103448275862
3.6551724137931036
3.706896551724138
3.7586206896551726
3.7758620689655173
3.913793103448276
3.810344827586207
3.7758620689655173
3.7413793103448274
3.810344827586207
3.7758620689655173
3.7413793103448274
3.810344827586207
3.9310344827586206
3.793103448275862
3.793103448275862
3.810344827586207
3.7413793103448274
3.7758620689655173
3.810344827586207
3.7758620689655173
3.793103448275862
3.8275862068965516
3.810344827586207
3.7758620689655173
3.810344827586207
3.7241379310344827
3.7413793103448274
3.7413793103448274
3.793103448275862
3.7758620689655173
3.7586206896551726
3.793103448275862
3.7758620689655173
3.810344827586207
3.810344827586207
3.793103448275862
3.7241379310344827
3.7586206896551726
3.793103448275862
3.7586206896551726
3.8620689655172415
3.793103448275862
3.810344827586207
3.793103448275862
3.7758620689655173
3.7758620689655173
3.7241379310344827
3.7758620689655173
3.7586206896551726
3.7413793103448274
3.793103448275862
3.810344827586207
3.7758620689655173
3.8275862068965516
3.7413793103448274
3.793103448275862
3.7413793103448274
3.5517241379310347
3.7586206896551726
3.7586206896551726
3.7586206896551726
3.7758620689655173
3.6206896551724137
3.7413793103448274
3.7413793103448274
3.7758620689655173
3.810344827586207
3.793103448275862
3.793103448275862
3.7241379310344827
3.689655172413793
3.7758620689655173
3.7758620689655173
3.7758620689655173
3.7413793103448274
3.810344827586207
3.7586206896551726
3.7758620689655173
3.7586206896551726
3.7758620689655173
3.810344827586207
3.7586206896551726
3.7586206896551726
3.793103448275862
3.7758620689655173
3.810344827586207
3.7758620689655173
3.7241379310344827
3.7413793103448274
3.7758620689655173
3.7758620689655173
3.7413793103448274
3.7413793103448274
3.7586206896551726
3.7758620689655173
3.793103448275862
3.6379310344827585
3.8275862068965516
3.706896551724138
3.6724137931034484
3.7758620689655173
3.7758620689655173
3.7413793103448274
3.6379310344827585
3.7586206896551726
3.6724137931034484
3.7586206896551726
3.7758620689655173
3.7241379310344827
3.7586206896551726
3.603448275862069
3.6551724137931036
3.7586206896551726
3.793103448275862
3.7758620689655173
3.689655172413793
3.706896551724138
3.7241379310344827
3.7586206896551726
3.706896551724138
3.7586206896551726
3.7586206896551726
3.7413793103448274
3.603448275862069
3.689655172413793
3.7241379310344827
3.7413793103448274
3.6724137931034484
3.689655172413793
3.7586206896551726
3.7241379310344827
3.7241379310344827
3.793103448275862
3.7758620689655173
3.7413793103448274
3.7413793103448274
3.8448275862068964
3.706896551724138
3.689655172413793
3.7586206896551726
3.6379310344827585
3.7586206896551726
3.7241379310344827
3.7241379310344827
3.6379310344827585
3.7758620689655173
3.706896551724138
3.7413793103448274
3.706896551724138
3.706896551724138
3.7758620689655173
3.7241379310344827
3.6551724137931036
3.689655172413793
3.7413793103448274
3.7241379310344827
3.706896551724138
3.7586206896551726
3.7758620689655173
3.7586206896551726
3.7586206896551726
3.6379310344827585
3.7413793103448274
3.7413793103448274
3.7413793103448274
3.7758620689655173
3.7586206896551726
3.7586206896551726
3.7413793103448274
3.6724137931034484
3.7586206896551726
3.7241379310344827
3.7413793103448274
3.7241379310344827
3.7413793103448274
3.7413793103448274
3.7413793103448274
3.6551724137931036
3.689655172413793
3.7241379310344827
3.689655172413793
3.6551724137931036
3.706896551724138
3.7241379310344827
3.7241379310344827
3.7241379310344827
3.7241379310344827
3.6724137931034484
3.689655172413793
3.7241379310344827
3.7413793103448274
3.7241379310344827
3.7586206896551726
3.7241379310344827
3.7241379310344827
3.706896551724138
3.706896551724138
3.6551724137931036
3.6551724137931036
3.7241379310344827
3.7241379310344827
3.7241379310344827
3.5
3.7241379310344827
3.7413793103448274
3.7413793103448274
3.6206896551724137
3.706896551724138
3.7586206896551726
3.706896551724138
3.7413793103448274
3.6724137931034484
3.706896551724138
3.706896551724138
3.6551724137931036
3.689655172413793
3.706896551724138
3.6724137931034484
3.7241379310344827
3.7241379310344827
3.5689655172413794
3.689655172413793
3.7413793103448274
3.706896551724138
3.7586206896551726
3.6724137931034484
3.7241379310344827
3.7413793103448274
3.7413793103448274
3.7413793103448274
3.7413793103448274
3.689655172413793
3.7241379310344827
3.706896551724138
3.7413793103448274
3.5
3.7413793103448274
3.7241379310344827
3.7413793103448274
3.5517241379310347
3.689655172413793
3.689655172413793
3.6379310344827585
3.793103448275862
3.706896551724138
3.689655172413793
3.706896551724138
3.7241379310344827
3.7413793103448274
3.7413793103448274
3.6551724137931036
3.689655172413793
3.7413793103448274
3.7413793103448274
3.7241379310344827
3.6724137931034484
3.689655172413793
3.706896551724138
3.7241379310344827
3.706896551724138
3.6724137931034484
3.6724137931034484
3.7241379310344827
3.7241379310344827
3.7413793103448274
3.6379310344827585
3.706896551724138
3.7241379310344827
3.7413793103448274
3.7241379310344827
3.586206896551724
3.706896551724138
3.7413793103448274
3.7413793103448274
3.6724137931034484
3.7241379310344827
3.6551724137931036
3.7241379310344827
3.6206896551724137
3.689655172413793
3.7413793103448274
3.7241379310344827
3.7413793103448274
3.706896551724138
3.4827586206896552
3.6724137931034484
3.706896551724138
3.7241379310344827
3.603448275862069
3.6724137931034484
3.689655172413793
3.706896551724138
3.6724137931034484
3.7241379310344827
3.6551724137931036
3.689655172413793
3.706896551724138
3.689655172413793
3.7413793103448274
3.689655172413793
3.706896551724138
3.7413793103448274
3.689655172413793
3.689655172413793
3.6206896551724137
3.5344827586206895
3.6379310344827585
3.6551724137931036
3.6724137931034484
3.5172413793103448
3.5344827586206895
3.6551724137931036
3.6724137931034484
3.6724137931034484
3.4310344827586206
3.6724137931034484
3.6206896551724137
3.6724137931034484
3.5344827586206895
3.6379310344827585
3.6379310344827585
3.6206896551724137
3.6724137931034484
3.689655172413793
3.689655172413793
3.6551724137931036
3.5517241379310347
3.689655172413793
3.6379310344827585
3.6724137931034484
3.810344827586207
3.689655172413793
3.689655172413793
3.6551724137931036
3.5344827586206895
3.6551724137931036
3.6724137931034484
3.6551724137931036
3.6379310344827585
3.6379310344827585
3.6206896551724137
3.6551724137931036
3.6379310344827585
3.689655172413793
3.6379310344827585
3.6379310344827585
3.6724137931034484
3.689655172413793
3.689655172413793
3.6551724137931036
3.689655172413793
3.5172413793103448
3.689655172413793
3.6379310344827585
3.689655172413793
3.6206896551724137
3.6724137931034484
3.689655172413793
3.6724137931034484
3.5689655172413794
3.689655172413793
3.6379310344827585
3.6379310344827585
3.603448275862069
3.6551724137931036
3.6551724137931036
3.6379310344827585
3.5
3.603448275862069
3.6379310344827585
3.6379310344827585
3.6379310344827585
3.6724137931034484
3.6551724137931036
3.6206896551724137
3.6724137931034484
3.706896551724138
3.689655172413793
3.6379310344827585
3.689655172413793
3.7241379310344827
3.689655172413793
3.6379310344827585
3.6724137931034484
3.6551724137931036
3.6379310344827585
3.6379310344827585
3.6724137931034484
3.4655172413793105
3.6551724137931036
3.6551724137931036
3.6724137931034484
3.6206896551724137
3.603448275862069
3.6379310344827585
3.6379310344827585
3.6379310344827585
3.6206896551724137
3.6551724137931036
3.6379310344827585
3.6724137931034484
3.6724137931034484
3.6724137931034484
3.6206896551724137
3.6551724137931036
3.6551724137931036
3.689655172413793
3.6551724137931036
3.6551724137931036
3.6724137931034484
3.689655172413793
3.6551724137931036
3.5517241379310347
3.706896551724138
3.6724137931034484
3.6724137931034484
3.6551724137931036
3.6724137931034484
3.5689655172413794
3.6379310344827585
3.6551724137931036
3.5
3.6206896551724137
3.603448275862069
3.6551724137931036
3.706896551724138
3.586206896551724
3.6551724137931036
3.6206896551724137
3.6724137931034484
3.6551724137931036
3.6724137931034484
3.603448275862069
3.6551724137931036
3.6551724137931036
3.6379310344827585
3.6379310344827585
3.6379310344827585
3.706896551724138
3.6551724137931036
3.603448275862069
3.6551724137931036
3.4310344827586206
3.6724137931034484
3.6206896551724137
3.6379310344827585
3.706896551724138
3.6724137931034484
3.6551724137931036
3.6551724137931036
3.413793103448276
3.603448275862069
3.6206896551724137
3.6551724137931036
3.6551724137931036
3.6206896551724137
3.6379310344827585
3.6206896551724137
3.6206896551724137
3.6724137931034484
3.6379310344827585
3.5689655172413794
3.3448275862068964
3.603448275862069
3.7241379310344827
3.6379310344827585
3.413793103448276
3.413793103448276
3.3448275862068964
3.3448275862068964
3.5344827586206895
3.603448275862069
3.6551724137931036
3.6724137931034484
3.6724137931034484
3.689655172413793
3.6551724137931036
3.6379310344827585
3.706896551724138
3.6724137931034484
3.586206896551724
3.6379310344827585
3.6551724137931036
3.7241379310344827
3.6379310344827585
3.706896551724138
3.586206896551724
3.6551724137931036
3.6724137931034484
3.6724137931034484
3.689655172413793
3.6724137931034484
3.5344827586206895
3.689655172413793
3.6551724137931036
3.6724137931034484
3.6551724137931036
3.689655172413793
3.706896551724138
3.6551724137931036
3.603448275862069
3.706896551724138
3.706896551724138
3.689655172413793
3.4482758620689653
3.603448275862069
3.6551724137931036
3.6551724137931036
3.6379310344827585
3.6206896551724137
3.6724137931034484
3.6724137931034484
3.689655172413793
3.6724137931034484
3.689655172413793
3.689655172413793
3.6551724137931036
3.586206896551724
3.689655172413793
3.603448275862069
3.6551724137931036
3.7758620689655173
3.5344827586206895
3.603448275862069
3.6551724137931036
3.5344827586206895
3.6724137931034484
3.6379310344827585
3.689655172413793
3.6379310344827585
3.706896551724138
3.5689655172413794
3.6551724137931036
3.603448275862069
3.6379310344827585
3.6551724137931036
3.6379310344827585
3.4482758620689653
3.4827586206896552
3.5689655172413794
3.6551724137931036
3.6724137931034484
3.6206896551724137
3.6551724137931036
3.6206896551724137
3.6724137931034484
3.6551724137931036
3.6724137931034484
3.6379310344827585
3.6551724137931036
3.6379310344827585
3.6724137931034484
3.6379310344827585
3.689655172413793
3.6724137931034484
3.6724137931034484
3.6379310344827585
3.586206896551724
3.689655172413793
3.6724137931034484
3.689655172413793
3.6379310344827585
3.5
3.603448275862069
3.603448275862069
3.603448275862069
3.5517241379310347
3.4482758620689653
3.6206896551724137
3.6379310344827585
3.6551724137931036
3.6551724137931036
3.7241379310344827
3.5689655172413794
3.603448275862069
3.586206896551724
3.6551724137931036
3.6206896551724137
3.6206896551724137
3.6206896551724137
3.6379310344827585
3.5689655172413794
3.6206896551724137
3.586206896551724
3.6379310344827585
3.603448275862069
3.6206896551724137
3.689655172413793
3.4655172413793105
3.6379310344827585
3.603448275862069
3.6551724137931036
3.603448275862069
3.5689655172413794
3.586206896551724
3.5689655172413794
3.5689655172413794
3.396551724137931
3.5689655172413794
3.603448275862069
3.6551724137931036
3.6379310344827585
3.6379310344827585
3.6206896551724137
3.4655172413793105
3.6724137931034484
3.6379310344827585
3.6206896551724137
3.6206896551724137
3.586206896551724
3.603448275862069
3.6206896551724137
3.603448275862069
3.5344827586206895
3.586206896551724
3.603448275862069
3.6379310344827585
3.6379310344827585
3.6551724137931036
3.586206896551724
3.6724137931034484
3.6206896551724137
3.6724137931034484
3.586206896551724
3.5517241379310347
3.5517241379310347
3.3620689655172415
3.586206896551724
3.603448275862069
3.586206896551724
3.6551724137931036
3.6379310344827585
3.5689655172413794
3.603448275862069
3.5689655172413794
3.603448275862069
3.603448275862069
3.603448275862069
3.5172413793103448
3.603448275862069
3.6379310344827585
3.5172413793103448
3.6379310344827585
3.6206896551724137
3.603448275862069
3.5344827586206895
3.586206896551724
3.6206896551724137
3.6206896551724137
3.689655172413793
3.603448275862069
3.6379310344827585
3.586206896551724
3.603448275862069
3.6551724137931036
3.603448275862069
3.6206896551724137
3.6206896551724137
3.689655172413793
3.6379310344827585
3.6724137931034484
3.6551724137931036
3.6379310344827585
3.4655172413793105
3.5689655172413794
3.5172413793103448
3.5
3.5344827586206895
3.6206896551724137
3.5689655172413794
3.586206896551724
3.6206896551724137
3.6206896551724137
3.5172413793103448
3.6206896551724137
3.5689655172413794
3.6206896551724137
3.603448275862069
3.603448275862069
3.3793103448275863
3.5689655172413794
3.6206896551724137
3.6379310344827585
3.6551724137931036
3.5344827586206895
3.5
3.6551724137931036
3.6379310344827585
3.6551724137931036
3.5689655172413794
3.586206896551724
3.5689655172413794
3.6551724137931036
3.603448275862069
3.5689655172413794
3.3793103448275863
3.6551724137931036
3.6379310344827585
3.6206896551724137
3.5689655172413794
3.6379310344827585
3.6379310344827585
3.6379310344827585
3.5344827586206895
3.603448275862069
3.6206896551724137
3.586206896551724
3.6724137931034484
3.4827586206896552
3.603448275862069
3.6206896551724137
3.6206896551724137
3.6206896551724137
3.603448275862069
3.5344827586206895
3.5344827586206895
3.6206896551724137
3.3793103448275863
3.5517241379310347
3.6379310344827585
3.4310344827586206
3.586206896551724
3.603448275862069
3.5344827586206895
3.6206896551724137
3.396551724137931
3.5689655172413794
3.6379310344827585
3.603448275862069
3.5344827586206895
3.6206896551724137
3.586206896551724
3.4827586206896552
3.603448275862069
3.586206896551724
3.6379310344827585
3.3620689655172415
3.586206896551724
3.5344827586206895
3.5689655172413794
3.4655172413793105
3.6206896551724137
3.6206896551724137
3.586206896551724
3.6379310344827585
3.3448275862068964
3.603448275862069
3.6206896551724137
3.586206896551724
3.603448275862069
3.5517241379310347
3.5
3.6379310344827585
3.5172413793103448
3.586206896551724
3.586206896551724
3.4655172413793105
3.6206896551724137
3.6206896551724137
3.5689655172413794
3.586206896551724
3.586206896551724
3.5344827586206895
3.6206896551724137
3.603448275862069
3.3793103448275863
3.586206896551724
3.6551724137931036
3.6379310344827585
3.586206896551724
3.586206896551724
3.6379310344827585
3.603448275862069
3.5
3.5689655172413794
3.586206896551724
3.586206896551724
3.4310344827586206
3.5344827586206895
3.586206896551724
3.5689655172413794
3.6206896551724137
3.603448275862069
3.206896551724138
3.586206896551724
3.603448275862069
3.6379310344827585
3.6379310344827585
3.5689655172413794
3.586206896551724
3.5689655172413794
3.6206896551724137
3.5689655172413794
3.5689655172413794
3.5517241379310347
3.5517241379310347
3.5689655172413794
3.5517241379310347
3.4655172413793105
3.603448275862069
3.6551724137931036
3.6206896551724137
3.6206896551724137
3.5172413793103448
3.6724137931034484
3.5344827586206895
3.5689655172413794
3.6206896551724137
3.586206896551724
3.5344827586206895
3.5689655172413794
3.5344827586206895
3.586206896551724
3.6206896551724137
3.6206896551724137
3.6551724137931036
3.5689655172413794
3.3620689655172415
3.6551724137931036
3.6379310344827585
3.586206896551724
3.6379310344827585
3.689655172413793
3.6206896551724137
3.603448275862069
3.603448275862069
3.5172413793103448
3.6551724137931036
3.6379310344827585
3.6379310344827585
3.5172413793103448
3.586206896551724
3.6206896551724137
3.5689655172413794
3.586206896551724
3.5172413793103448
3.586206896551724
3.603448275862069
3.5689655172413794
3.5344827586206895
3.5689655172413794
3.5172413793103448
3.5172413793103448
3.586206896551724
3.6206896551724137
3.5689655172413794
3.5517241379310347
3.5
3.603448275862069
3.5
3.603448275862069
3.4827586206896552
3.5344827586206895
3.5344827586206895
3.603448275862069
3.6551724137931036
3.6206896551724137
3.603448275862069
3.396551724137931
3.6206896551724137
3.603448275862069
3.603448275862069
3.5517241379310347
3.706896551724138
3.6379310344827585
3.6551724137931036
3.6379310344827585
3.6379310344827585
3.6206896551724137
3.586206896551724
3.5689655172413794
3.6551724137931036
3.6206896551724137
3.6551724137931036
3.6551724137931036
3.603448275862069
3.6724137931034484
3.6551724137931036
3.6379310344827585
3.6551724137931036
3.6551724137931036
3.6206896551724137
3.6551724137931036
3.586206896551724
3.6206896551724137
3.9482758620689653
3.689655172413793
3.6551724137931036
3.7241379310344827
3.5689655172413794
3.6206896551724137
3.5517241379310347
3.6206896551724137
3.6206896551724137
3.6379310344827585
3.8620689655172415
3.6724137931034484
3.6379310344827585
3.603448275862069
3.586206896551724
3.4655172413793105
3.6206896551724137
3.6379310344827585
3.6551724137931036
3.5
3.6551724137931036
3.6551724137931036
3.6206896551724137
3.6379310344827585
3.6206896551724137
3.6379310344827585
3.5517241379310347
3.5517241379310347
3.603448275862069
3.6551724137931036
3.6206896551724137
3.6206896551724137
3.5689655172413794
3.6379310344827585
3.6379310344827585
3.5344827586206895
3.5344827586206895
3.6206896551724137
3.6551724137931036
3.6206896551724137
3.5
3.4827586206896552
3.5689655172413794
3.603448275862069
3.586206896551724
3.586206896551724
3.6379310344827585
3.6379310344827585
3.6379310344827585
3.413793103448276
3.6206896551724137
3.6206896551724137
3.6379310344827585
3.6206896551724137
3.6379310344827585
3.6379310344827585
3.586206896551724
3.586206896551724
3.6206896551724137
3.5517241379310347
3.586206896551724
3.5689655172413794
3.6724137931034484
3.5172413793103448
3.6724137931034484
3.7586206896551726
3.6724137931034484
3.6724137931034484
3.689655172413793
3.6724137931034484
3.6724137931034484
3.6724137931034484
3.6724137931034484
3.6724137931034484
3.689655172413793
3.6724137931034484
3.689655172413793
3.6724137931034484
3.6724137931034484
3.586206896551724
3.6724137931034484
3.6724137931034484
3.6724137931034484
3.6724137931034484
3.689655172413793
3.6724137931034484
3.6724137931034484
3.689655172413793
3.689655172413793
3.689655172413793
3.6724137931034484
3.6724137931034484
3.689655172413793
3.6724137931034484
3.6724137931034484
3.689655172413793
3.6724137931034484
3.689655172413793
3.6724137931034484
3.6724137931034484
3.689655172413793
3.6724137931034484
3.6724137931034484
3.689655172413793
3.6724137931034484
3.6724137931034484
3.6724137931034484
3.6724137931034484
3.6724137931034484
3.6724137931034484
3.689655172413793
3.689655172413793
3.689655172413793
3.6724137931034484
3.689655172413793
3.6724137931034484
3.706896551724138
3.6724137931034484
3.689655172413793
3.6724137931034484
3.6724137931034484
3.6724137931034484
3.689655172413793
3.6724137931034484
3.6724137931034484
3.6379310344827585
3.689655172413793
3.689655172413793
3.6724137931034484
3.689655172413793
3.689655172413793
3.706896551724138
3.6724137931034484
3.689655172413793
3.6724137931034484
3.6724137931034484
3.6724137931034484
3.6724137931034484
3.689655172413793
3.5689655172413794
3.689655172413793
3.6724137931034484
3.689655172413793
3.706896551724138
3.6724137931034484
3.6724137931034484
3.6724137931034484
3.689655172413793
3.689655172413793
3.6724137931034484
3.6724137931034484
3.706896551724138
3.6379310344827585
3.6551724137931036
3.689655172413793
3.6724137931034484
3.6724137931034484
3.6724137931034484
3.6724137931034484
3.689655172413793
3.6724137931034484
3.6724137931034484
3.6724137931034484
3.706896551724138
3.6724137931034484
3.6724137931034484
3.6724137931034484
3.6724137931034484
3.6724137931034484
3.6724137931034484
3.6724137931034484
3.6724137931034484
3.6724137931034484
3.7241379310344827
3.6724137931034484
3.6724137931034484
3.6724137931034484
3.6724137931034484
3.689655172413793
3.6724137931034484
3.6724137931034484
3.7586206896551726
3.6379310344827585
3.6724137931034484
3.6724137931034484
3.6724137931034484
3.6724137931034484
3.6724137931034484
3.6724137931034484
3.6724137931034484
3.586206896551724
3.689655172413793
3.6724137931034484
3.706896551724138
3.6724137931034484
3.689655172413793
3.6724137931034484
3.6724137931034484
3.6724137931034484
3.6724137931034484
3.6724137931034484
3.6379310344827585
3.6724137931034484
3.6724137931034484
3.6724137931034484
3.6724137931034484
3.6724137931034484
3.6551724137931036
3.6724137931034484
3.6724137931034484
3.689655172413793
3.603448275862069
3.6724137931034484
3.4482758620689653
3.6206896551724137
3.6724137931034484
3.6724137931034484
3.6724137931034484
3.689655172413793
3.6724137931034484
3.6724137931034484
3.5689655172413794
3.6724137931034484
3.689655172413793
3.6724137931034484
3.6724137931034484
3.6551724137931036
3.6551724137931036
3.6724137931034484
3.5517241379310347
3.6724137931034484
3.6551724137931036
3.6724137931034484
3.6724137931034484
3.6724137931034484
3.6551724137931036
3.6724137931034484
3.6724137931034484
3.6724137931034484
3.6724137931034484
3.6551724137931036
3.6551724137931036
3.6724137931034484
3.6724137931034484
3.6724137931034484
3.6724137931034484
3.6551724137931036
3.6724137931034484
3.7241379310344827
3.6724137931034484
3.6724137931034484
3.6724137931034484
3.689655172413793
3.6551724137931036
3.6724137931034484
3.689655172413793
3.6724137931034484
3.6724137931034484
3.6724137931034484
3.6724137931034484
3.6551724137931036
3.6724137931034484
3.6724137931034484
3.5689655172413794
3.6724137931034484
3.6379310344827585
3.6724137931034484
3.6724137931034484
3.6724137931034484
3.689655172413793
3.6724137931034484
3.6724137931034484
3.6724137931034484
3.6724137931034484
3.6724137931034484
3.6724137931034484
3.6724137931034484
3.6724137931034484
3.6724137931034484
3.6551724137931036
3.6551724137931036
3.689655172413793
3.6724137931034484
3.6724137931034484
3.6724137931034484
3.793103448275862
3.6724137931034484
3.6724137931034484
3.6551724137931036
3.6551724137931036
3.6551724137931036
3.6724137931034484
3.6724137931034484
3.6724137931034484
3.6724137931034484
3.6724137931034484
3.6379310344827585
3.5517241379310347
3.6724137931034484
3.6724137931034484
3.6724137931034484
3.6724137931034484
3.6724137931034484
3.6551724137931036
3.6724137931034484
3.689655172413793
3.6724137931034484
3.6551724137931036
3.6551724137931036
3.6724137931034484
3.6551724137931036
3.6724137931034484
3.6206896551724137
3.6551724137931036
3.6724137931034484
3.6551724137931036
3.6551724137931036
3.6724137931034484
